init
1614026664
1614026846
1614027029
1614027212
1614027394
1614027577
1614027760
1614027943
1614028125
1614028308
1614028491
1614028673
1614028856
1614029038
1614029221
1614029404
1614029588
1614029771
1614029953
1614030136
1614030318
1614030501
1614030683
1614030866
1614031048
1614031231
1614031414
1614031597
1614031779
1614031961
1614032144
1614032326
1614032509
1614032691
1614032874
1614033057
1614033239
1614033422
1614033606
1614033788
1614033971
1614034153
1614034336
1614034519
1614034702
1614034885
1614035068
1614035251
1614035433
1614035616
1614035799
1614035981
1614036164
1614036346
1614036529
1614036712
1614036894
1614037077
1614037260
1614037444
1614037626
1614037809
1614037991
1614038174
1614038357
1614038539
1614038722
1614038904
1614039087
1614039269
1614039452
1614039635
1614039817
1614039999
1614040182
1614040364
1614040547
1614040729
1614040912
1614041095
1614041278
1614041461
1614041644
1614041827
1614042009
1614042192
1614042374
1614042557
1614042739
1614042922
1614043105
1614043287
1614043470
1614043653
1614043835
1614044018
1614044200
1614044383
1614044565
1614044748
1614044930
1614045113
1614045295
1614045478
1614045660
1614045843
1614046025
1614046208
1614046390
1614046573
1614046755
1614046938
1614047120
1614047303
1614047485
1614047668
1614047850
1614048033
1614048215
1614048398
1614048580
1614048763
1614048946
1614049128
1614049311
1614049494
1614049676
1614049858
1614050041
1614050224
1614050406
1614050588
1614050771
1614050953
1614051136
1614051318
1614051501
1614051683
1614051866
1614052048
1614052230
1614052413
1614052595
1614052778
1614052960
1614053143
1614053325
1614053508
1614053690
1614053873
1614054055
1614054237
1614054420
1614054602
1614054786
1614054968
1614055151
1614055333
1614055516
1614055699
1614055882
1614056064
1614056247
1614056430
1614056612
1614056795
1614056977
1614057160
1614057342
1614057525
1614057707
1614057890
1614058072
1614058254
1614058437
1614058621
1614058804
1614058987
1614059169
1614059353
1614059535
1614059717
1614059900
1614060082
1614060265
1614060447
1614060630
1614060812
1614060995
1614061177
1614061360
1614061542
1614061725
1614061907
1614062090
1614062273
1614062455
1614062637
1614062820
1614063002
1614063186
1614063369
